1 410.5184881304014 343.3498444996641 151.03067810649043 -201.04083641989774
1 388.76406926406924 366.10446653226444 150.53057652335633 -200.5407348367637
1 366.0094472314688 340.8493365839937 161.0327097691718 -206.04185225123848
1 450.02651319799327 266.08414990544964 154.0312876052949 -196.5399221716911
1 397.51584696891547 323.5958319658681 151.03067810649043 -190.53870317408217
1 382.7628502664603 326.84649225623957 152.53098285589272 -201.04083641989774
1 374.011072561614 268.33460702955296 154.0312876052949 -200.0406332536296
1 423.52112929188735 248.58059449575703 154.03128760529478 -192.53910950661856
1 424.77138324972253 359.60314595152147 146.52976385828367 -193.5393126728867
1 412.51889446293774 365.6043649491304 149.03027177395415 -193.53931267288664
1 424.77138324972253 301.0912607248348 138.52813852813858 -198.54032850422738
1 401.01655805085403 388.8590885648648 154.03128760529478 -207.04205541750662
1 353.2568568615499 404.8623392251552 153.5311860221608 -202.04103958616594
1 362.5087361495303 455.87270070483066 162.0329129354401 -209.04246175004295
1 312.2485270445559 368.6049744479348 155.53159235469707 -207.5421570006407
1 331.00233641208365 377.3567521527811 153.0310844390267 -201.0408364198978
1 268.73968931189137 324.5960351321363 152.5309828558926 -196.5399221716911
1 202.97633112976064 422.86599621798183 150.03047494022235 -211.04286808257928
1 297.7455811336677 359.1030443683874 152.5309828558926 -208.54236016690885
1 301.7463937987403 357.1026380358511 154.53138918842888 -208.5423601669089
1 259.73786081547803 472.37605294825516 150.53057652335633 -207.04205541750662
1 284.99299076374876 382.6078187756889 150.03047494022223 -203.5413443355681
1 417.0198087111444 383.35797115039 150.03047494022235 -207.04205541750662
1 443.5251926172503 355.60233328644887 150.03047494022223 -185.5376873427415
1 347.75573944707514 394.8603075624737 149.53037335708814 -200.0406332536296
1 346.75553628080695 468.8753418663166 151.53077968962452 -192.0390079234844
1 357.0076187350555 343.099793708097 145.0294591088815 -187.53809367527776
1 368.5099551471392 359.3530951599544 158.03210027036744 -201.0408364198978
1 290.9942097613577 178.31632206541963 155.03149077156297 -214.04347758138374
1 457.2779861534374 344.09999687436516 155.53159235469707 -211.54296966571331
1 381.012494725491 308.8428352634129 151.0306781064903 -202.04103958616594
1 336.5034538265585 259.3327785331396 153.0310844390267 -210.04266491631114
1 328.5018284964132 298.5907528091644 155.03149077156297 -210.54276649944518
1 363.50893931579844 172.81520465094482 153.0310844390267 -200.04063325362955
1 326.00132058074286 235.3279025427041 161.0327097691719 -203.04124275243402
1 369.5101583134073 295.840194101927 159.03230343663552 -206.04185225123854
1 409.7683357557003 316.5944098019911 154.531389188429 -212.5431728319815
1 431.02265303889845 359.3530951599544 156.03169393783116 -210.04266491631108
1 369.5101583134073 393.10995202150445 134.02722427993183 -183.53728101020516
1 452.52702111366364 332.3476096707144 147.02986544141777 -177.03596042946225
1 378.01188522668656 381.10751402628665 138.0280369450045 -176.5358588463281
1 327.5016253301451 384.10812352509106 136.0276306124681 -181.5368746776689
1 402.2668120086892 433.8682310469315 127.52590369918892 -181.03677309453485
1 414.26925000390696 359.3530951599544 138.52813852813858 -185.0375857596074
1 411.26864050510255 390.35939331426704 134.52732586306593 -185.0375857596074
1 384.5132058074296 376.10649819494586 142.02884961007703 -196.5399221716911
1 467.7801193992529 409.86335505649595 137.5279353618704 -181.0367730945348
1 428.27209433166104 415.3644724709707 134.52732586306593 -191.03880475721633
1 481.782963727007 342.3496413333959 136.5277321956023 -193.03921108975254
1 385.0133073905636 360.10324753465557 129.0262084485911 -177.5360620125963
1 233.7325784925062 160.56271586416 146.52976385828367 -187.53809367527776
1 277.7415178083047 148.81032866050924 133.52712269679773 -185.0375857596074
1 335.5032506602903 221.575109006517 136.0276306124681 -190.5387031740823
1 229.48171503586656 253.0815087439637 141.02864644380895 -194.53951583915477
1 339.75411411692994 286.0882132308126 136.5277321956023 -175.53565568006002
1 352.7567552784158 368.85502523950186 137.5279353618704 -182.036976260803
1 415.7695547533092 238.82861362464257 142.52895119321124 -193.0392110897526
1 386.2635613483988 191.56901401847261 135.527529029334 -181.53687467766883
1 342.75472361573435 383.35797115039 137.5279353618704 -173.03514776438965
1 411.2686405051025 346.8505555816026 133.52712269679785 -173.03514776438965
1 428.022043540094 333.5978636285496 139.02824011127257 -176.53585884632815
1 398.01594855204957 313.8438510947537 130.02641161485928 -176.0357572631941
1 417.0198087111444 297.09044805976225 143.02905277634522 -190.53870317408217
1 495.535757263194 287.33846718864777 142.02884961007703 -194.03941425602073
1 430.0224498726303 340.0991842092926 137.0278337787363 -183.53728101020516
1 377.76183443511957 333.3478128369826 138.52813852813847 -196.039820588557
1 497.53616359573033 357.8527904105522 136.02763061246822 -182.036976260803
1 465.77971306671657 377.3567521527811 135.52752902933412 -177.0359604294622
1 344.7551299482707 432.36792629752927 138.52813852813847 -186.03778892587553
1 360.0082282338599 396.1105615203089 143.02905277634522 -183.53728101020516
1 168.7193726850765 126.55580821104297 142.52895119321113 -189.53850000781404
1 165.46871239470505 122.55499554597037 139.02824011127257 -184.5374841764734
1 177.7212011814899 133.0571287917859 138.52813852813858 -188.5382968415459
1 173.7203885164173 150.5606842014785 147.52996702455198 -189.5385000078141
1 259.73786081547803 193.81947114257594 135.52752902933412 -193.0392110897526
1 129.2113476174847 456.87290387109886 148.53017019082006 -197.04002375482514
1 203.97653429602877 497.1310813133918 129.0262084485911 -182.53707784393703
1 382.51279947489326 406.61269476612443 128.0260052823229 -164.53342085111035
1 406.5176754653288 429.3673167987248 126.02559894978663 -166.03372560051258
1 358.75797427602475 437.36894212887 136.5277321956022 -176.03575726319406
1 213.72851516714326 306.09227655617553 128.5261068654571 -174.53545251379182
1 152.71612202478622 308.0926828887118 128.5261068654571 -180.53667151140075
1 189.7236391767077 210.07277259443333 124.52529420038445 -170.53463984871928
1 203.2263819213277 191.06891243533855 126.52570053292072 -170.53463984871922
1 403.0169643833903 373.3559394877085 124.02519261725035 -164.03331926797625
1 132.7120586994232 501.8820463531655 125.52549736665264 -166.03372560051253
1 491.2848938065544 487.8792020254115 128.5261068654571 -171.03474143185332
1 405.2674215074936 145.8097191617048 128.526106865457 -184.03738259333926
1 300.7461906324721 213.8235344679389 130.52651319799338 -176.03575726319406
1 303.7468001312766 246.08008658008663 128.526106865457 -178.53626517886448
1 363.0088377326644 314.3439526778877 129.0262084485911 -179.03636676199852
1 549.0466266585399 148.06017628580813 128.026005282323 -173.5352493475237
1 345.7553331145388 167.56413802803706 125.52549736665253 -174.53545251379182
1 297.7455811336677 176.56596652445035 131.52671636426146 -180.53667151140075
1 298.4957335083688 243.32952787284927 133.02702111366364 -169.034335099317
1 113.2080969571943 526.3870239267351 137.5279353618704 -174.03535093065773
1 247.48537202869323 368.85502523950186 130.02641161485928 -164.0333192679763
1 184.47257255379986 396.86071389501 133.02702111366375 -178.0361635957304
1 252.98648944316807 163.81337615453148 136.02763061246822 -173.0351477643896
1 206.47704221169914 185.8178458124307 136.02763061246822 -169.03433509931705
1 324.0009142482066 176.31591573288335 122.0247862847142 -167.03392876678072
1 145.96475065247617 403.61208526732 129.02620844859115 -168.53423351618295
1 427.02184037382585 517.3851954303218 126.02559894978663 -172.03494459812146
1 451.5268179473955 236.8282072921063 125.02539578351855 -162.03291293543998
1 389.51422163877027 285.58811164767855 129.0262084485911 -166.53382718364662
1 412.01879287980364 282.08740056574 132.02681794739556 -182.53707784393703
1 242.23430540578545 271.3352165283574 130.52651319799338 -179.03636676199847
1 171.21988060074693 313.34374951161965 141.52874802694305 -184.03738259333926
1 216.9791754575147 220.07480425711483 136.02763061246822 -177.53606201259623
1 335.25319986872324 157.56210636535553 138.52813852813858 -178.53626517886448
1 460.2785956522418 297.34049885132924 133.52712269679785 -167.03392876678072
1 369.0100567302733 338.84893025145743 136.0276306124681 -174.03535093065778
1 380.2623423507899 336.348422335787 132.52691953052965 -182.03697626080293
1 360.508329816994 367.85482207323366 128.026005282323 -179.03636676199852
1 187.97328363573843 414.11421851313554 137.0278337787363 -181.53687467766883
1 108.45713191742061 97.04981480613259 132.02681794739556 -184.5374841764734
1 516.2899729632582 116.80382733992855 130.52651319799327 -185.0375857596074
1 337.75370778439367 253.33155953553072 135.52752902933412 -181.0367730945348
1 336.25340303499144 278.0865879006674 137.5279353618704 -181.53687467766895
1 326.2513713723099 286.8383656055137 134.52732586306593 -179.03636676199858
1 183.22231859596468 195.06972510041112 134.52732586306593 -184.5374841764733
1 336.0033522434244 124.0553002953726 137.0278337787363 -180.53667151140075
1 507.0380936752777 134.8074843327552 140.02844327754076 -186.03778892587553
1 446.7758529076218 327.0965430478067 136.5277321956023 -168.53423351618295
1 424.5213324581555 374.6061934455437 134.02722427993194 -183.53728101020516
1 365.5093456483348 252.3313563692626 134.02722427993183 -182.03697626080293
1 242.7344069889195 248.58059449575703 132.52691953052965 -182.53707784393708
1 182.2221154296966 421.3656914685796 130.52651319799338 -177.0359604294622
1 300.49613984090513 321.3453748417648 133.02702111366375 -182.03697626080293
1 457.5280369450044 384.35817431665816 138.0280369450045 -182.036976260803
1 490.0346398487192 387.3587838154626 135.02742744620002 -181.03677309453485
1 395.2653898448122 238.07846124994145 137.5279353618704 -177.53606201259635
1 377.26173285198547 408.11299951552667 130.52651319799338 -180.53667151140075
1 192.72424867551211 422.6159454264148 141.52874802694294 -174.53545251379182
1 188.97348680200656 180.31672839795593 132.02681794739567 -185.03758575960734
1 461.02874802694294 103.30108459530851 138.0280369450045 -181.03677309453485
1 323.75086345663954 352.10162220451036 133.52712269679773 -178.53626517886443
