0 329.50203166268136 236.57815650053928 137.0278337787363 -200.54073483676365
0 335.5032506602903 282.08740056574 138.0280369450045 -208.5423601669089
0 334.75309828558915 286.3382640223796 137.5279353618704 -192.03900792348446
0 337.0035554096925 298.84080360073153 144.0292559426133 -183.03717942707107
0 307.49756200478214 339.8491334177255 152.0308812727585 -194.03941425602073
0 260.7380639817462 517.6352462218889 139.52834169440666 -194.53951583915483
0 498.53636676199847 222.82536296435222 141.02864644380884 -194.03941425602068
0 472.78113523059363 249.8308484535922 151.5307796896244 -188.0381952584118
0 361.75858377482916 319.34496850922847 146.5297638582838 -207.04205541750667
0 430.5225514557644 290.08902589588513 158.03210027036744 -195.53971900542302
0 412.01879287980364 346.60050479003553 137.0278337787363 -188.5382968415459
0 436.77382124494034 332.0975588791474 139.52834169440666 -181.5368746776689
0 355.2572631940862 281.58729898260594 143.52915435947932 -202.54114116930003
0 337.0035554096925 211.3230265522685 149.03027177395404 -189.03839842468
0 364.0090408989325 281.58729898260594 146.0296622751497 -201.54093800303184
0 329.0019300795473 350.60131745510813 154.03128760529478 -203.54134433556817
0 353.0068060699829 386.35858064919444 136.0276306124681 -204.04144591870227
0 369.5101583134074 404.112186850454 153.0310844390267 -185.53768734274144
0 363.50893931579844 153.56129370028296 137.0278337787363 -188.5382968415459
0 329.25198087111437 304.5919718067733 143.5291543594792 -207.5421570006407
0 290.9942097613577 336.59847312735405 145.0294591088815 -209.542563333177
0 325.0011174144747 288.33867035491585 141.02864644380884 -207.04205541750667
0 338.75391095066175 271.3352165283574 144.5293575257474 -200.0406332536296
0 387.76386609780104 366.1044665322644 138.52813852813847 -176.53585884632815
0 348.50589182177623 375.1062950286778 139.02824011127268 -185.5376873427415
0 340.7543172831981 386.85868223232853 143.52915435947932 -189.03839842468
0 355.25726319408625 375.6063966118118 139.52834169440666 -190.53870317408223
0 381.51259630862506 361.85360307562485 130.02641161485928 -184.03738259333926
0 388.0139168893681 383.85807273352407 139.02824011127257 -185.0375857596074
0 333.752895119321 289.58892431275115 154.53138918842888 -190.53870317408217
0 366.25949802303586 372.6057871130074 139.52834169440678 -179.53646834513256
0 427.02184037382585 318.0947145513933 142.02884961007703 -185.53768734274144
0 368.0098535640051 353.60192695391254 143.02905277634522 -186.53789050900963
0 371.76061543751064 485.3786941097411 134.52732586306593 -187.03799209214372
0 384.5132058074296 325.8462890899715 132.02681794739556 -182.036976260803
0 394.7652882616781 326.0963398815385 142.52895119321113 -177.5360620125963
0 294.2448700517292 213.8235344679389 134.52732586306593 -186.03778892587553
0 368.76000593870623 342.0995905418289 140.52854486067474 -187.53809367527776
0 333.502844327754 534.3886492568804 132.02681794739556 -184.0373825933392
0 487.03403034991476 336.8485239189211 140.02844327754076 -191.03880475721633
0 374.7612249363151 365.1042633659963 138.52813852813847 -183.53728101020516
0 367.259701189304 340.8493365839937 136.5277321956023 -182.03697626080293
0 366.25949802303586 332.3476096707144 137.5279353618704 -176.03575726319406
0 232.98242611780506 396.86071389501 133.02702111366375 -183.03717942707112
0 411.2686405051025 335.5982699610859 132.52691953052965 -179.53646834513256
0 416.76975791957733 326.3463906731056 141.52874802694294 -174.03535093065778
0 420.77057058464993 301.5913623079689 147.52996702455198 -182.53707784393708
0 413.0189960460718 327.0965430478067 140.02844327754076 -185.53768734274144
0 386.7636629315329 323.3457811743011 143.52915435947932 -186.03778892587553
0 391.76467876287364 308.0926828887118 153.5311860221608 -200.5407348367637
0 428.27209433166104 300.59115914170076 149.53037335708814 -197.54012533795924
0 414.26925000390696 341.3494381671278 159.53240501976973 -188.0381952584118
0 456.77788457030323 288.83877193804994 152.5309828558926 -197.0400237548252
0 392.0147295544407 290.0890258958852 131.02661478112736 -206.54195383437252
0 401.266608842421 314.8440542610218 142.52895119321113 -205.0416490849703
0 360.758380608561 326.8464922562396 148.53017019082006 -205.04164908497035
0 401.51665963398807 328.8468985887759 146.02966227514958 -180.03656992826666
0 394.7652882616781 329.84710175504404 138.52813852813858 -186.03778892587553
0 354.007009236251 205.82190913779368 156.03169393783116 -204.04144591870227
0 436.7738212449403 304.3419210152063 141.52874802694294 -215.04368074765182
0 443.27514182568325 269.08475940425404 139.52834169440666 -207.5421570006407
0 440.52458311844583 283.0876037320081 135.02742744620002 -202.54114116929992
0 424.27128166658844 303.59176864050517 157.53199868723334 -201.5409380030319
0 398.26599934361656 246.58018816322075 157.53199868723334 -191.53890634035037
0 416.5197071280103 245.83003578851964 139.02824011127268 -189.03839842467994
0 433.0230593714348 273.33562286089375 133.02702111366375 -183.03717942707107
0 441.524786284714 319.0949177176615 140.02844327754076 -175.53565568006002
0 403.76711675809145 310.3431400128152 134.52732586306593 -186.03778892587547
0 452.02691953052954 359.60314595152147 143.02905277634522 -186.53789050900957
0 277.7415178083047 303.09166705737107 139.52834169440666 -178.53626517886443
0 365.5093456483348 315.84425742729 131.02661478112748 -181.0367730945348
0 360.50832981699403 318.3447653429604 141.02864644380895 -183.03717942707107
0 329.0019300795473 413.3640661384344 142.02884961007715 -188.0381952584118
0 354.25706002781806 322.34557800803293 139.52834169440666 -187.03799209214372
0 394.515237470111 347.6007079563037 140.02844327754076 -175.53565568005996
0 401.51665963398807 319.84507009236256 131.02661478112736 -180.03656992826666
0 405.2674215074936 331.84750808758037 135.52752902933412 -172.03494459812146
0 369.0100567302733 353.1018253707785 144.02925594261342 -186.53789050900957
0 434.0232625377029 272.0853689030585 141.02864644380895 -188.53829684154596
0 409.7683357557003 291.5893306452874 141.52874802694294 -184.5374841764733
0 420.0204182099488 307.09247972244367 141.02864644380895 -187.53809367527776
0 386.2635613483988 321.3453748417648 141.52874802694294 -183.03717942707112
0 376.76163126885143 322.34557800803293 133.52712269679785 -181.0367730945348
0 374.51117414474805 312.0934955537844 139.02824011127257 -188.53829684154596
0 366.25949802303586 317.3445621766922 139.52834169440678 -187.03799209214367
0 364.5091424820666 331.3474065044463 139.02824011127257 -186.03778892587553
0 369.0100567302732 372.1056855298733 135.02742744620002 -174.53545251379182
0 378.2619360182536 329.09694938034295 131.52671636426146 -176.5358588463281
0 378.0118852266866 316.3443590104241 135.02742744620002 -176.03575726319406
0 387.513815306234 341.0993873755607 138.02803694500437 -175.53565568005996
0 409.5182849641332 351.8515714129434 130.02641161485928 -171.03474143185332
0 414.26925000390696 364.6041617828622 134.52732586306604 -168.534233516183
0 418.77016425211366 383.608021941957 128.526106865457 -175.53565568006002
0 400.51645646771993 385.10832669135925 134.02722427993183 -169.5344366824511
0 395.2653898448122 369.60517761420294 127.52590369918892 -170.53463984871928
0 395.0153390532451 368.85502523950186 125.02539578351855 -173.0351477643896
0 399.5162533014518 388.60903777329776 131.02661478112736 -170.53463984871928
0 383.2629518495944 380.6074124431526 129.5263100317252 -170.53463984871922
0 394.265186678544 350.3512666635411 129.5263100317253 -174.03535093065778
0 386.51361213996586 361.60355228405774 136.0276306124681 -177.5360620125963
0 409.5182849641333 384.35817431665816 136.0276306124681 -181.0367730945348
0 441.774837076281 373.60599027927555 138.52813852813858 -182.53707784393703
0 424.77138324972253 328.59684779720885 128.5261068654571 -187.53809367527776
0 524.2915982934032 334.34801600325073 137.5279353618704 -168.0341319330489
0 397.5158469689155 292.3394830199885 132.02681794739556 -172.03494459812146
0 396.12337662337677 324.0021645021645 127.27272727272725 -176.62337662337666
0 407.767929423164 343.84994608279817 136.5277321956023 -169.03433509931705
0 411.0185897135355 341.5994889586948 129.0262084485911 -174.53545251379182
0 400.2664056761529 307.0924797224437 135.52752902933412 -171.53484301498742
0 395.26538984481215 330.34720333817813 136.5277321956023 -177.0359604294622
0 341.50446965789916 355.1022317033148 131.02661478112748 -174.53545251379188
0 331.00233641208365 336.348422335787 127.02580211605482 -182.03697626080293
0 344.50507915670363 298.34070201759744 129.0262084485911 -172.0349445981214
0 316.2493397096285 319.3449685092285 132.52691953052965 -165.03352243424445
